1 151010441043116032 391290775473750017 1533772203643
0 151010441043116032 451507119997583390 1533772208527
1 151010441043116032 391290775473750017 1533772212012
0 151010441043116032 391290775473750017 1533772218717
1 394139220806991874 391290775473750017 1533803440007
1 148409816933597184 391290775473750017 1533803456089
0 148409816933597184 391290775473750017 1533806760429
0 394139220806991874 391290775473750017 1533806762546
1 145264969594830848 391290854905479169 1533821941559
0 145264969594830848 391290854905479169 1533822879477
1 171334580358479872 391290775473750017 1533827443033
1 275303880332673024 391290775473750017 1533827904051
1 151010441043116032 391290775473750017 1533833044652
0 151010441043116032 391290775473750017 1533833561892
1 148409816933597184 393098359214178315 1533840838807
1 394139220806991874 393098359214178315 1533841269810
1 151010441043116032 393098359214178315 1533843157726
1 305722757780471809 393098359214178315 1533844960158
0 305722757780471809 393098359214178315 1533844992497
1 166627305433726976 393098359214178315 1533845147678
0 275303880332673024 391290775473750017 1533845797619
0 171334580358479872 391290775473750017 1533847553255
1 145264969594830848 393098359214178315 1533851224739
0 145264969594830848 393098359214178315 1533852954695
0 394139220806991874 393098359214178315 1533856106642
0 148409816933597184 393098359214178315 1533856779567
1 305722757780471809 393098359214178315 1533857763587
0 305722757780471809 393098359214178315 1533857848403
0 151010441043116032 393098359214178315 1533862724818
1 391003789714259968 393098359214178315 1533862872836
1 305722757780471809 393098359214178315 1533869501777
0 305722757780471809 393098359214178315 1533869573702
0 166627305433726976 393098359214178315 1533873783029
0 391003789714259968 393098359214178315 1533877039131
1 394139220806991874 391290775473750017 1533893333560
1 166627305433726976 391290775473750017 1533893713452
0 394139220806991874 391290775473750017 1533897465308
1 151010441043116032 391290775473750017 1533898476005
1 255049654054551563 391290775473750017 1533900135611
1 391003789714259968 391290775473750017 1533906697598
1 148409816933597184 391290775473750017 1533908159373
1 405385776440803339 391290775473750017 1533910154905
0 405385776440803339 391290775473750017 1533912003841
1 171334580358479872 254358876596469760 1533912571095
0 171334580358479872 254358876596469760 1533914041657
1 171334580358479872 254358876596469760 1533914058600
1 275303880332673024 254358876596469760 1533914059434
0 148409816933597184 391290775473750017 1533914893766
1 305722757780471809 391290775473750017 1533925588334
0 305722757780471809 391290775473750017 1533925810069
0 255049654054551563 391290775473750017 1533930009380
0 275303880332673024 254358876596469760 1533938211133
0 171334580358479872 254358876596469760 1533938516949
1 145264969594830848 391290775473750017 1533940445044
0 145264969594830848 391290775473750017 1533942406734
0 391003789714259968 391290775473750017 1533946176185
0 166627305433726976 391290775473750017 1533951079347
0 151010441043116032 391290775473750017 1533951105056
1 171334580358479872 254358876596469760 1533978177217
1 275303880332673024 254358876596469760 1533979054925
1 166627305433726976 305419453712302090 1533979131553
1 394139220806991874 305419453712302090 1533979151640
1 151010441043116032 305419453712302090 1533983762609
1 133343955680100354 305419453712302090 1533983831730
0 151010441043116032 305419453712302090 1533985154448
1 151010441043116032 305419453712302090 1533985233612
0 171334580358479872 254358876596469760 1533993365437
0 275303880332673024 254358876596469760 1533993374679
1 275303880332673024 254358876596469760 1533993377400
0 394139220806991874 305419453712302090 1533996389921
1 394139220806991874 305419453712302090 1533998681947
0 133343955680100354 305419453712302090 1533999426591
1 133343955680100354 305419453712302090 1533999437874
0 133343955680100354 305419453712302090 1533999447930
1 171334580358479872 254358876596469760 1534001485304
1 409431107684139010 305419453712302090 1534005413554
0 409431107684139010 254358876596469760 1534006387944
1 409431107684139010 254358876596469760 1534006453874
1 145264969594830848 305419453712302090 1534015410217
0 145264969594830848 305419453712302090 1534017056475
1 305722757780471809 305419453712302090 1534020553930
0 305722757780471809 305419453712302090 1534020635408
1 391003789714259968 305419453712302090 1534020689853
0 409431107684139010 254358876596469760 1534023740114
1 145264969594830848 305419453712302090 1534027214289
0 145264969594830848 305419453712302090 1534027999825
0 275303880332673024 254358876596469760 1534028019839
0 171334580358479872 254358876596469760 1534028605221
0 394139220806991874 305419453712302090 1534035364736
0 151010441043116032 305419453712302090 1534042537164
1 305722757780471809 305419453712302090 1534042851118
0 305722757780471809 305419453712302090 1534042984000
0 166627305433726976 305419453712302090 1534043483039
0 391003789714259968 305419453712302090 1534058541523
1 166627305433726976 305419453712302090 1534064445699
1 275303880332673024 254358876596469760 1534064862376
1 151010441043116032 305419453712302090 1534065606693
1 133343955680100354 305419453712302090 1534065834236
1 409431107684139010 254358876596469760 1534066031139
0 409431107684139010 254358876596469760 1534066618645
1 409431107684139010 254358876596469760 1534066912904
0 409431107684139010 254358876596469760 1534067034333
1 409431107684139010 254358876596469760 1534068086188
0 409431107684139010 254358876596469760 1534068388952
1 394139220806991874 305419453712302090 1534069615546
1 409431107684139010 254358876596469760 1534069889679
1 151010441043116032 305419453712302090 1534086910323
0 133343955680100354 305419453712302090 1534089012601
1 391003789714259968 305419453712302090 1534090586309
1 171334580358479872 254358876596469760 1534091585275
0 409431107684139010 254358876596469760 1534091694823
1 409431107684139010 254358876596469760 1534091730747
0 409431107684139010 254358876596469760 1534091852904
1 133343955680100354 305419453712302090 1534096242375
1 409431107684139010 254358876596469760 1534098157236
0 409431107684139010 254358876596469760 1534098913410
1 409431107684139010 254358876596469760 1534099008615
0 409431107684139010 254358876596469760 1534099186610
1 409431107684139010 254358876596469760 1534100331555
0 409431107684139010 254358876596469760 1534100825701
0 171334580358479872 254358876596469760 1534102307049
1 171334580358479872 254358876596469760 1534104593458
1 145264969594830848 305419453712302090 1534104703727
0 145264969594830848 305419453712302090 1534104797145
0 133343955680100354 305419453712302090 1534106584041
0 394139220806991874 305419453712302090 1534109324046
0 171334580358479872 254358876596469760 1534115994278
0 275303880332673024 254358876596469760 1534115996609
0 166627305433726976 305419453712302090 1534117915078
1 166627305433726976 305419453712302090 1534117930004
0 166627305433726976 305419453712302090 1534118323626
0 151010441043116032 305419453712302090 1534118331384
0 391003789714259968 305419453712302090 1534118382774
1 275303880332673024 254358876596469760 1534148209692
1 171334580358479872 254358876596469760 1534148444066
1 166627305433726976 305419453712302090 1534154407771
0 171334580358479872 254358876596469760 1534155027424
1 151010441043116032 305419453712302090 1534157677591
0 275303880332673024 254358876596469760 1534159145421
1 275303880332673024 254358876596469760 1534159187352
0 166627305433726976 305419453712302090 1534166959313
1 394139220806991874 305419453712302090 1534169706641
1 171334580358479872 305419453712302090 1534175774390
1 133343955680100354 305419453712302090 1534184188692
1 166627305433726976 305419453712302090 1534184540144
1 305722757780471809 391290775473750017 1534185575312
0 133343955680100354 391290775473750017 1534190244571
0 275303880332673024 254358876596469760 1534191496444
1 275303880332673024 254358876596469760 1534191506552
0 305722757780471809 391290775473750017 1534193240153
0 394139220806991874 305419453712302090 1534194431088
0 166627305433726976 305419453712302090 1534200275904
0 151010441043116032 305419453712302090 1534200276072
0 275303880332673024 254358876596469760 1534202366708
0 171334580358479872 254358876596469760 1534202405244
1 151010441043116032 391290775473750017 1534243973222
0 151010441043116032 391290775473750017 1534246719128
1 151010441043116032 391290775473750017 1534246720234
1 394139220806991874 391290775473750017 1534252448197
1 166627305433726976 391290775473750017 1534254090523
1 391003789714259968 391290775473750017 1534256194677
1 145264969594830848 391290775473750017 1534271727287
0 145264969594830848 391290775473750017 1534271750835
1 145264969594830848 391290775473750017 1534271760325
1 355870840463818762 391292463186444288 1534272172390
1 171334580358479872 254358876596469760 1534273557820
0 355870840463818762 391292463186444288 1534274066284
1 305722757780471809 391292463186444288 1534274951872
0 305722757780471809 391292463186444288 1534276188253
0 145264969594830848 391292463186444288 1534276263372
1 275303880332673024 254358876596469760 1534277277451
0 394139220806991874 391290775473750017 1534279220098
0 151010441043116032 391290775473750017 1534282788758
0 391003789714259968 391290775473750017 1534284956060
0 166627305433726976 391290775473750017 1534284970384
0 275303880332673024 254358876596469760 1534286373185
0 171334580358479872 254358876596469760 1534286668885
1 151010441043116032 391290775473750017 1534322493200
1 166627305433726976 391290775473750017 1534324822891
0 166627305433726976 391290775473750017 1534344886658
1 166627305433726976 391290775473750017 1534345061412
1 133343955680100354 391290775473750017 1534345128331
1 312303905717616641 391290775473750017 1534346764622
0 312303905717616641 391290775473750017 1534347008058
1 394139220806991874 391290775473750017 1534349838331
1 305722757780471809 391290775473750017 1534350937342
0 305722757780471809 391290775473750017 1534350964669
0 394139220806991874 391290775473750017 1534352303870
1 275303880332673024 254358876596469760 1534364861601
1 171334580358479872 254358876596469760 1534364918307
0 133343955680100354 391290775473750017 1534365370367
0 151010441043116032 391290775473750017 1534369466748
0 166627305433726976 391290775473750017 1534369486438
1 391003789714259968 393098359214178315 1534372042016
0 275303880332673024 254358876596469760 1534374319856
0 171334580358479872 254358876596469760 1534374390589
0 391003789714259968 305419453712302090 1534379717091
1 166627305433726976 391290775473750017 1534434790375
0 166627305433726976 391290775473750017 1534434811668
1 166627305433726976 305419453712302090 1534436086743
1 151010441043116032 305419453712302090 1534436191933
1 305722757780471809 305419453712302090 1534436293957
0 305722757780471809 305419453712302090 1534436345124
1 394139220806991874 305419453712302090 1534439232860
0 394139220806991874 305419453712302090 1534439339775
1 394139220806991874 305419453712302090 1534439362623
0 394139220806991874 305419453712302090 1534439387311
1 394139220806991874 305419453712302090 1534439427958
0 166627305433726976 305419453712302090 1534442145779
0 394139220806991874 305419453712302090 1534442146504
1 166627305433726976 451507119997583390 1534442794940
1 394139220806991874 451507119997583390 1534442808464
1 305722757780471809 451507119997583390 1534442977141
1 460415251163250688 451507119997583390 1534443427137
1 255049654054551563 391290775473750017 1534443650433
1 171334580358479872 254358876596469760 1534446762217
1 275303880332673024 254358876596469760 1534447232643
0 255049654054551563 391290775473750017 1534448202925
0 305722757780471809 451507119997583390 1534448789022
0 394139220806991874 451507119997583390 1534448945027
0 460415251163250688 451507119997583390 1534448976400
1 391003789714259968 305419453712302090 1534450082841
1 305722757780471809 305419453712302090 1534456782540
0 275303880332673024 254358876596469760 1534456843218
0 305722757780471809 305419453712302090 1534456939550
0 171334580358479872 254358876596469760 1534457199843
0 151010441043116032 305419453712302090 1534457639204
1 305722757780471809 305419453712302090 1534468650398
0 305722757780471809 305419453712302090 1534468661245
0 166627305433726976 305419453712302090 1534469091677
0 391003789714259968 305419453712302090 1534469093455
1 151010441043116032 391290775473750017 1534502525573
0 151010441043116032 391290775473750017 1534504058101
1 151010441043116032 391290775473750017 1534505854845
0 151010441043116032 391290775473750017 1534514642929
1 151010441043116032 391290775473750017 1534515468173
1 166627305433726976 391290775473750017 1534518893353
1 133343955680100354 391290775473750017 1534520892431
0 133343955680100354 391290775473750017 1534525721843
1 133343955680100354 391290775473750017 1534525725907
0 133343955680100354 391290775473750017 1534526363364
1 409431107684139010 254358876596469760 1534529949460
0 409431107684139010 254358876596469760 1534532369413
1 405385776440803339 391290854905479169 1534533226399
1 281526767821389835 391290854905479169 1534533261711
0 405385776440803339 391290854905479169 1534546653112
0 281526767821389835 391290854905479169 1534546662099
0 151010441043116032 391290775473750017 1534558007432
0 166627305433726976 391290775473750017 1534558013373
1 151010441043116032 391290775473750017 1534583173456
1 255049654054551563 391290775473750017 1534586271169
1 275303880332673024 254358876596469760 1534600502189
1 166627305433726976 391290775473750017 1534600588562
1 171334580358479872 254358876596469760 1534600707287
1 133343955680100354 391290775473750017 1534600803027
0 166627305433726976 391290775473750017 1534605335665
1 305722757780471809 391290775473750017 1534610090819
0 305722757780471809 391290775473750017 1534610173047
0 171334580358479872 254358876596469760 1534610849716
1 305722757780471809 391290775473750017 1534611635396
1 171334580358479872 254358876596469760 1534615435609
0 171334580358479872 254358876596469760 1534615441371
1 171334580358479872 254358876596469760 1534615458094
0 305722757780471809 391290775473750017 1534618346099
0 133343955680100354 391290775473750017 1534623123867
0 151010441043116032 391290775473750017 1534623555631
1 409431107684139010 254358876596469760 1534626119477
1 394139220806991874 254358876596469760 1534629491518
0 409431107684139010 254358876596469760 1534629523134
1 409431107684139010 254358876596469760 1534629543624
0 409431107684139010 254358876596469760 1534629613073
0 255049654054551563 391290775473750017 1534631024990
0 394139220806991874 254358876596469760 1534631070020
0 275303880332673024 254358876596469760 1534633170945
0 171334580358479872 254358876596469760 1534634389113
1 405385776440803339 391290854905479169 1534641701610
0 405385776440803339 391290854905479169 1534646384350
1 171334580358479872 254358876596469760 1534664243031
1 275303880332673024 254358876596469760 1534666759124
1 166627305433726976 305417211508555776 1534681631698
0 166627305433726976 305417211508555776 1534681634958
1 133343955680100354 391290775473750017 1534684002613
1 391003789714259968 393098359214178315 1534692504505
1 166627305433726976 393098359214178315 1534693243800
0 133343955680100354 391290775473750017 1534695168685
1 409431107684139010 254358876596469760 1534699688469
0 409431107684139010 254358876596469760 1534700133851
1 409431107684139010 254358876596469760 1534702082055
1 151010441043116032 393098359214178315 1534703013624
1 305722757780471809 393098359214178315 1534703873409
0 305722757780471809 393098359214178315 1534703923046
1 305722757780471809 393098359214178315 1534704149851
0 305722757780471809 393098359214178315 1534704189754
1 133343955680100354 393098359214178315 1534705172207
1 255049654054551563 451507119997583390 1534708547414
0 166627305433726976 393098359214178315 1534709267318
0 391003789714259968 393098359214178315 1534712026030
1 166627305433726976 405413666012397578 1534712045075
0 166627305433726976 405413666012397578 1534712048035
0 409431107684139010 254358876596469760 1534712437327
0 275303880332673024 254358876596469760 1534713325939
0 171334580358479872 254358876596469760 1534713788666
0 151010441043116032 393098359214178315 1534716246196
0 133343955680100354 393098359214178315 1534716831244
0 255049654054551563 451507119997583390 1534719874419
1 151010441043116032 391290775473750017 1534757788980
0 151010441043116032 391290775473750017 1534758489370
1 151010441043116032 391290775473750017 1534758542678
1 166627305433726976 391290775473750017 1534771273327
1 255049654054551563 391290775473750017 1534775722176
0 255049654054551563 391290775473750017 1534779566485
1 391003789714259968 391290775473750017 1534788413964
1 305722757780471809 391290775473750017 1534797307888
0 305722757780471809 391290775473750017 1534797325101
0 151010441043116032 391290775473750017 1534803627337
0 166627305433726976 391290775473750017 1534816115621
0 391003789714259968 391290775473750017 1534816232128
1 255049654054551563 451507119997583390 1534845267541
1 171334580358479872 254358876596469760 1534864912385
1 275303880332673024 254358876596469760 1534865256639
0 171334580358479872 254358876596469760 1534867265510
0 275303880332673024 254358876596469760 1534870766140
1 171334580358479872 305419177089302548 1534874347255
1 275303880332673024 254358876596469760 1534874688596
1 153582112753057792 305419177089302548 1534875063557
1 151010441043116032 451507119997583390 1534875493346
1 405385776440803339 391290854905479169 1534876496793
0 153582112753057792 305419177089302548 1534879657759
1 153582112753057792 305419177089302548 1534879670012
1 166627305433726976 451507119997583390 1534880635782
0 153582112753057792 305419177089302548 1534881276376
1 153582112753057792 305419177089302548 1534881306874
0 153582112753057792 305419177089302548 1534881442708
1 153582112753057792 305419177089302548 1534881617932
0 153582112753057792 305419177089302548 1534882410522
0 275303880332673024 305419177089302548 1534883703347
0 171334580358479872 305419177089302548 1534886089669
1 305722757780471809 451507119997583390 1534889083744
0 305722757780471809 451507119997583390 1534889695015
1 305722757780471809 451507119997583390 1534889700630
0 305722757780471809 451507119997583390 1534889709428
0 151010441043116032 451507119997583390 1534889917853
0 255049654054551563 451507119997583390 1534890276969
0 405385776440803339 391290854905479169 1534892642033
0 166627305433726976 451507119997583390 1534893204325
1 171334580358479872 254358876596469760 1534950683220
1 275303880332673024 254358876596469760 1534952204115
1 151010441043116032 391290775473750017 1534953491646
0 151010441043116032 391290775473750017 1534954849706
1 151010441043116032 391290775473750017 1534958277095
1 255049654054551563 391290775473750017 1534960269976
1 133343955680100354 391290775473750017 1534962065687
0 151010441043116032 391290775473750017 1534965512611
1 151010441043116032 391290775473750017 1534965525988
0 275303880332673024 254358876596469760 1534966044556
0 133343955680100354 391290775473750017 1534972536487
1 166627305433726976 391290775473750017 1534972642181
0 255049654054551563 391290775473750017 1534972870122
0 171334580358479872 254358876596469760 1534975691703
0 151010441043116032 391290775473750017 1534978761212
0 166627305433726976 391290775473750017 1534979862518
1 151010441043116032 391290775473750017 1535020707762
1 166627305433726976 305417211508555776 1535028435948
0 166627305433726976 305419453712302090 1535031223284
1 166627305433726976 305419453712302090 1535031227449
0 151010441043116032 305419453712302090 1535068513867
0 166627305433726976 305419453712302090 1535069366115
1 151010441043116032 391290775473750017 1535104612070
0 151010441043116032 391290775473750017 1535107353895
1 166627305433726976 405413666012397578 1535121737010
0 166627305433726976 405413666012397578 1535121739944
1 166627305433726976 405413666012397578 1535122702346
0 166627305433726976 405413666012397578 1535122706427
1 171334580358479872 254358876596469760 1535130897196
1 275303880332673024 254358876596469760 1535130975127
1 409431107684139010 254358876596469760 1535135932051
1 133343955680100354 391290775473750017 1535137282006
1 151010441043116032 391290775473750017 1535137699788
0 151010441043116032 391290775473750017 1535138313666
1 166627305433726976 391290775473750017 1535139476968
0 133343955680100354 391290775473750017 1535143458462
0 166627305433726976 391290775473750017 1535143991264
0 409431107684139010 254358876596469760 1535147749801
0 171334580358479872 254358876596469760 1535149635645
0 275303880332673024 254358876596469760 1535149636348
1 151010441043116032 391290775473750017 1535189944153
1 171334580358479872 254358876596469760 1535190246020
1 275303880332673024 254358876596469760 1535190544625
1 133343955680100354 391290775473750017 1535192578493
1 255049654054551563 391290775473750017 1535206351434
0 255049654054551563 391290775473750017 1535211232554
1 255049654054551563 391290775473750017 1535211465519
1 402883000309645313 391290775473750017 1535211504558
1 166627305433726976 305419453712302090 1535213318105
1 394139220806991874 305419453712302090 1535215944473
1 391003789714259968 305419453712302090 1535216188155
1 243780606943559682 305419453712302090 1535216391050
0 243780606943559682 305419453712302090 1535217654354
0 402883000309645313 391290775473750017 1535222235927
0 394139220806991874 305419453712302090 1535229668612
1 409431107684139010 254358876596469760 1535230197715
1 305722757780471809 391290775473750017 1535236692223
0 305722757780471809 391290775473750017 1535236802979
0 171334580358479872 254358876596469760 1535237777466
1 305722757780471809 391290775473750017 1535238141840
0 305722757780471809 391290775473750017 1535239099755
0 151010441043116032 391290775473750017 1535239110659
0 255049654054551563 391290775473750017 1535239128722
0 133343955680100354 391290775473750017 1535239555481
0 275303880332673024 254358876596469760 1535239978498
0 409431107684139010 254358876596469760 1535241113406
0 166627305433726976 305419453712302090 1535245385180
0 391003789714259968 305419453712302090 1535245899845
1 171334580358479872 254358876596469760 1535274950600
1 255049654054551563 451507119997583390 1535275580162
1 166627305433726976 305419453712302090 1535276396427
1 275303880332673024 254358876596469760 1535276779430
1 151010441043116032 305419453712302090 1535277348670
1 402883000309645313 305419453712302090 1535278952127
1 133343955680100354 305419453712302090 1535281700679
0 166627305433726976 305419453712302090 1535287572451
0 402883000309645313 451507119997583390 1535307397154
0 171334580358479872 254358876596469760 1535308120863
1 171334580358479872 254358876596469760 1535308217129
1 426790819769483265 405413666012397578 1535310863323
1 166627305433726976 305419453712302090 1535310874436
1 305722757780471809 305419453712302090 1535310914816
1 330401220474699776 405413666012397578 1535310944387
0 330401220474699776 405413666012397578 1535314383174
0 426790819769483265 405413666012397578 1535314475941
1 394139220806991874 391290775473750017 1535315382749
1 330401220474699776 391290775473750017 1535315385637
0 330401220474699776 391290775473750017 1535316918940
0 394139220806991874 391290775473750017 1535316919604
1 391003789714259968 305419453712302090 1535318781186
0 171334580358479872 254358876596469760 1535321543123
0 275303880332673024 254358876596469760 1535321682152
0 391003789714259968 305419453712302090 1535321845832
0 133343955680100354 305417211508555776 1535323795765
0 305722757780471809 305417211508555776 1535324046034
1 391003789714259968 391290775473750017 1535325391476
0 255049654054551563 391290775473750017 1535325731125
1 305722757780471809 391290775473750017 1535329003078
0 305722757780471809 391290775473750017 1535330008184
0 151010441043116032 391290775473750017 1535330419922
0 166627305433726976 391290775473750017 1535333859964
0 391003789714259968 391290775473750017 1535339332233
1 151010441043116032 391290775473750017 1535372495455
1 166627305433726976 391290775473750017 1535374147214
1 255049654054551563 391290775473750017 1535382176896
1 402883000309645313 391290775473750017 1535389017411
1 391003789714259968 391290775473750017 1535389647401
0 402883000309645313 451507119997583390 1535396025634
1 305722757780471809 391290775473750017 1535399383463
0 305722757780471809 391290775473750017 1535399572154
1 305722757780471809 408006079486885898 1535400368625
0 305722757780471809 408006079486885898 1535403480336
0 151010441043116032 391290775473750017 1535403488038
1 305722757780471809 391290775473750017 1535403492679
0 305722757780471809 391290775473750017 1535403540117
0 255049654054551563 391290775473750017 1535406248095
0 166627305433726976 391290775473750017 1535417233662
0 391003789714259968 391290775473750017 1535417341921
1 151010441043116032 391290775473750017 1535448523642
1 255049654054551563 391290775473750017 1535448532028
0 255049654054551563 391290775473750017 1535452145755
1 402883000309645313 391290775473750017 1535457082107
1 275303880332673024 391290775473750017 1535461250990
1 171334580358479872 254358876596469760 1535461592434
1 255049654054551563 391290775473750017 1535462639394
0 255049654054551563 391290775473750017 1535463458392
0 402883000309645313 391290775473750017 1535464332721
0 171334580358479872 391290775473750017 1535465502553
1 171334580358479872 391290775473750017 1535465540453
0 171334580358479872 391290775473750017 1535466088787
1 171334580358479872 391290775473750017 1535466098700
0 171334580358479872 391290775473750017 1535473905458
1 166627305433726976 391290775473750017 1535474206344
1 171334580358479872 391290775473750017 1535483712720
1 133343955680100354 451507119997583390 1535486446983
1 305722757780471809 451507119997583390 1535487958937
0 305722757780471809 451507119997583390 1535488018696
0 171334580358479872 391290775473750017 1535488670710
1 171334580358479872 254358876596469760 1535489399541
0 133343955680100354 391290775473750017 1535493491595
0 151010441043116032 391290775473750017 1535493526186
1 151010441043116032 391290775473750017 1535493554881
0 275303880332673024 254358876596469760 1535495016590
0 171334580358479872 254358876596469760 1535495424040
1 305722757780471809 391290775473750017 1535499068722
0 305722757780471809 391290775473750017 1535499850466
0 151010441043116032 391290775473750017 1535501890875
0 166627305433726976 391290775473750017 1535505390309
1 171334580358479872 254358876596469760 1535571307522
1 275303880332673024 254358876596469760 1535571935742
1 391003789714259968 305419453712302090 1535577728817
0 275303880332673024 254358876596469760 1535584278432
0 171334580358479872 254358876596469760 1535584316216
1 305722757780471809 305419453712302090 1535584983122
0 305722757780471809 305419453712302090 1535584999179
0 391003789714259968 305419453712302090 1535585620119
1 171334580358479872 254358876596469760 1535615441836
1 275303880332673024 254358876596469760 1535615663034
0 275303880332673024 254358876596469760 1535629359527
1 275303880332673024 254358876596469760 1535629592837
0 171334580358479872 254358876596469760 1535631664608
0 275303880332673024 254358876596469760 1535631671284
1 171334580358479872 254358876596469760 1535643726503
1 275303880332673024 254358876596469760 1535643976143
1 151010441043116032 391290775473750017 1535644865219
1 166627305433726976 391290775473750017 1535645482144
1 402883000309645313 391290775473750017 1535647880845
0 402883000309645313 391290775473750017 1535648230233
1 255049654054551563 391290775473750017 1535651667161
1 281536329152462849 391290775473750017 1535656968271
0 281536329152462849 391290775473750017 1535657030323
1 133343955680100354 391290775473750017 1535662119372
0 151010441043116032 391290775473750017 1535663871546
0 255049654054551563 391290775473750017 1535664508471
0 275303880332673024 254358876596469760 1535664537315
0 133343955680100354 391290775473750017 1535667250896
0 166627305433726976 391290775473750017 1535667266459
0 171334580358479872 254358876596469760 1535668766041
1 402883000309645313 451507119997583390 1535739107502
1 255049654054551563 451507119997583390 1535739927448
1 151010441043116032 451507119997583390 1535743430980
0 151010441043116032 451507119997583390 1535746203140
0 402883000309645313 451507119997583390 1535751034111
1 391003789714259968 305419453712302090 1535754048948
0 391003789714259968 305419453712302090 1535756731908
1 166627305433726976 305417211508555776 1535757098938
1 305722757780471809 305417211508555776 1535757165441
0 305722757780471809 305417211508555776 1535765350163
0 166627305433726976 305417211508555776 1535765366441
0 255049654054551563 451507119997583390 1535765429118
1 255049654054551563 451507119997583390 1535832945406
1 151010441043116032 451507119997583390 1535833814486
1 305722757780471809 451507119997583390 1535835081812
0 305722757780471809 451507119997583390 1535836390697
0 151010441043116032 451507119997583390 1535836405516
1 391003789714259968 305419453712302090 1535836470352
1 166627305433726976 305419453712302090 1535839073394
1 405385776440803339 305419453712302090 1535843668600
1 151010441043116032 408006079486885898 1535847135248
1 305722757780471809 451507119997583390 1535847177179
0 305722757780471809 451507119997583390 1535855756369
0 151010441043116032 451507119997583390 1535855762021
0 166627305433726976 305419453712302090 1535856704869
0 391003789714259968 305419453712302090 1535857482751
0 255049654054551563 451507119997583390 1535861512645
1 151010441043116032 391290775473750017 1535884674336
1 255049654054551563 391290775473750017 1535887097924
0 151010441043116032 391290775473750017 1535887728660
1 151010441043116032 391290775473750017 1535887750304
0 405385776440803339 305419453712302090 1535890007663
1 166627305433726976 391290775473750017 1535904469056
0 166627305433726976 391290775473750017 1535904591092
1 391003789714259968 305419453712302090 1535908077654
1 409431107684139010 254358876596469760 1535909278757
0 151010441043116032 391290775473750017 1535913382432
1 166627305433726976 305419453712302090 1535914208989
1 151010441043116032 305419453712302090 1535915831052
0 409431107684139010 254358876596469760 1535919049731
1 133343955680100354 305419453712302090 1535921618753
0 151010441043116032 305419453712302090 1535924787757
0 255049654054551563 391290775473750017 1535925491367
1 405385776440803339 254358876596469760 1535925652650
0 133343955680100354 305419453712302090 1535926559126
0 405385776440803339 305419453712302090 1535931677390
0 391003789714259968 305419453712302090 1535931705929
0 166627305433726976 305419453712302090 1535931761605
1 151010441043116032 391290775473750017 1535993890481
1 275303880332673024 305417211508555776 1535996076219
1 166627305433726976 305419453712302090 1535996410604
1 391003789714259968 305419453712302090 1535996701922
1 133343955680100354 391290775473750017 1536005757287
1 305722757780471809 305419453712302090 1536009044182
0 305722757780471809 305419453712302090 1536009075172
1 171334580358479872 254358876596469760 1536009247021
0 133343955680100354 305419453712302090 1536009378502
0 275303880332673024 254358876596469760 1536011092238
1 305722757780471809 305419453712302090 1536011862187
0 171334580358479872 254358876596469760 1536015322204
0 151010441043116032 305417211508555776 1536019385206
0 305722757780471809 305417211508555776 1536019441024
0 166627305433726976 305417211508555776 1536021790088
0 391003789714259968 305419453712302090 1536024203171
1 151010441043116032 254358876596469760 1536054131983
1 275303880332673024 254358876596469760 1536054153406
1 171334580358479872 254358876596469760 1536067046514
0 151010441043116032 254358876596469760 1536068397884
1 151010441043116032 254358876596469760 1536072410888
0 171334580358479872 254358876596469760 1536073551924
1 171334580358479872 254358876596469760 1536077710748
